-0.0078125
0.0078125
0.0234375
0.0390625
0.0546875
0.0703125
0.0859375
0.101562
0.117188
0.132812
0.148438
0.164062
0.179688
0.195312
0.210938
0.226562
0.242188
0.257812
0.273438
0.289062
0.304688
0.320312
0.335938
0.351562
0.367188
0.382812
0.398438
0.414062
0.429688
0.445312
0.460938
0.476562
0.492188
0.507812
0.523438
0.539062
0.554688
0.570312
0.585938
0.601562
0.617188
0.632812
0.648438
0.664062
0.679688
0.695312
0.710938
0.726562
0.742188
0.757812
0.773438
0.789062
0.804688
0.820312
0.835938
0.851562
0.867188
0.882812
0.898438
0.914062
0.929688
0.945312
0.960938
0.976562
0.992188
1.00781
